"Row","Sample_ID","X","Y","Fe","Mn","Zn","Cu","b2_reflectance","b3_reflectance","b4_reflectance","b5_reflectance","b6_reflectance","b7_reflectance","ci_mean_kh","FlowAcc_kh","gndvi_mean_kh","ndvi_mean_kh","PlanCur_kh","ProflCur_kh","satind_mean_kh","sgsi_mean_kh","slope_kh","spi_kh","Twi_kh","aoi_dem_clip_khavr","Sen_B02_30m_aoi","Sen_B03_Mean_30m_aoi","Sen_B04_Mean_30m_aoi","Sen_B05_Mean_30m_aoi","Sen_B06_Mean_30m_aoi","Sen_B07_Mean_30m_aoi","Sen_B08_Mean_30m_aoi","Sen_B08A_Mean_30m_aoi","Sen_B11_Mean_30m_aoi","Sen_B12_Mean_30m_aoi","ClayInd_Mean_Sentinel_khavr","GNDVI_Mean_Sentinel_khavr","MSAVI2_Mean_Sentinel_khavr","NDVI_Mean_Sentinel_khavr","Saturation_Mean_Sentinel_khavr","SGSI_Mean_Sentinel_khavr","Clay_khavr","pH_khavr","Sand_khavr","srad_khavr","bio_15_khavr","bio_12_khavr","bio_1_khavr"
26,"26 SNP",683717,3996496,2.84,18.22,0.54,1.5,0.08141,0.12577,0.15398,0.33545,0.25249,0.18594,0.0795,0,0.24326,0.2039,0,0,0.11403,0.02927,0,3.98968,2.81272,1258,1023,1472,1871,2238,3259,3637,3266,3837,2849,2201,0.12812,0.44362,-0.06169,0.34286,0.29342,0.09154,29.0031,7.8068,33.6668,210842,80.5,293,12.2958
158,"158 SNP",676090,4003795,1.9,5.86,0.98,1.12,0.08372,0.12497,0.14801,0.24569,0.2249,0.1833,0.05143,0,0.15667,0.12311,0,-0.11111,0.10167,0.02408,1.66667,4.5,3.5,1258,1134,1422,1664,1926,2155,2249,2575,2261,2416,2165,0.17778,0.52629,-0.04134,0.50532,0.26183,0.02109,20.7543,8.04028,37.2848,210802,79.8824,297,12.0542
193,"193 SNP",678431,4001914,2.56,4.6,9.22,1.24,0.12981,0.17703,0.21676,0.27856,0.30273,0.26926,0.03438,0,0.11851,0.06888,0,-0.33333,0.1165,0.03535,5,4.88322,1.91917,1287,1450,1875,2322,2542,2812,2977,3043,3175,3276,2863,0.07055,0.23485,-0.0922,0.1549,0.209,0.06123,16.5246,8.06179,44.1269,210628,80.1381,299,12.0208
237,"237 SNP",680624,3999273,3.58,4.4,1.54,0.76,0.08443,0.12401,0.15899,0.25738,0.26338,0.22589,0.04239,1,0.17123,0.12191,0,-0.33333,0.11481,0.03555,5,5.22018,2.96851,1288,1170,1693,2167,2576,3003,3194,3594,3314,3194,2732,0.06233,0.33727,-0.08643,0.18349,0.31808,0.12609,20.109,8.01834,40.3962,210726,80.1664,295,12.0292
165,"165 SNP",675834,4002218,2.08,5.54,1.78,1.02,0.04426,0.07657,0.07261,0.32443,0.17791,0.10487,0.10702,11,0.30856,0.3151,0,0,0.05481,-0.00505,4.71405,6.41844,5.35376,1247,266,625,438,1045,3018,3539,3578,3760,1856,984,0.13883,0.41986,-0.05908,0.36066,0.23678,0.05194,21.2979,7.99582,41.5822,210848,79.5231,296,12.0625
50,"50 SNP",684985,3995039,2.66,9.8,0.58,1.6,0.09983,0.15189,0.19526,0.29382,0.28092,0.22039,0.06738,1,0.16737,0.11055,-0.05556,-0.05556,0.13706,0.04135,4.85913,5.37854,2.81015,1263,1254,1748,2188,2438,2681,2848,2908,2947,2996,2489,0.09248,0.25572,-0.09277,0.14852,0.27085,0.08457,23.3531,7.56587,41.1553,211047,80.5313,291,12.3333
211,"211 SNP",679850,4000711,2.48,8.14,0.82,1.62,0.111,0.163,0.20436,0.27108,0.27537,0.23313,0.04645,0,0.12953,0.0762,0.11111,-0.11111,0.13047,0.03833,2.35702,3.93354,2.86886,1305,1301,1821,2261,2567,2791,2893,2662,2990,2950,2520,0.0853,0.26065,-0.09098,0.15854,0.26725,0.08076,11.6401,7.74011,58.5405,210837,80.1994,298,11.9167
22,"22 SNP",683508,3997185,2.14,5.9,0.3,1.32,0.07753,0.11969,0.14356,0.33306,0.24723,0.18176,0.07908,0,0.25001,0.21602,0.28889,-0.37778,0.10637,0.02531,6.26387,3.66825,3.13415,1267,522,882,933,1513,3137,3675,3844,3840,2320,1469,0.22645,0.62397,-0.03101,0.60678,0.28407,0.01635,28.6225,7.93664,38.4646,210969,80.5,293,12.2583
283,"283 SNP",682444,3996768,1.38,6.52,7.84,1.28,0.10426,0.15637,0.21267,0.31554,0.32542,0.24897,0.07941,48,0.18359,0.11246,0,0.22222,0.15001,0.05204,3.33333,8.21824,6.3678,1256,1185,1674,2359,2682,2925,3102,3283,3405,3561,2738,0.13568,0.35292,-0.08537,0.1913,0.3409,0.13592,28.1321,7.94845,31.2299,210425,80.4301,293,12.2583
244,"244 SNP",681770,3998434,2.56,9.88,6.66,0.96,0.06725,0.1047,0.11339,0.33166,0.22383,0.14812,0.09804,136,0.27132,0.25828,0.11111,0.11111,0.07943,0.00979,3.33333,8.60713,8.03523,1276,1031,1506,1700,2097,2898,3243,3530,3359,2665,1991,0.22704,0.65527,-0.02425,0.67521,0.24476,-0.02787,12.2321,7.81766,55.901,210736,80.4291,294,12.15
247,"247 SNP",682158,3998711,2.14,5.74,1.12,1.34,0.10993,0.16531,0.22039,0.29371,0.2969,0.24,0.06098,3,0.1491,0.08002,-0.17778,0.15556,0.15104,0.05018,2.63523,5.3396,4.23539,1283,1255,1808,2462,2779,2885,3045,2876,3163,3254,2586,0.12094,0.30818,-0.08879,0.17084,0.30932,0.11161,17.6574,7.81467,48.9538,210736,80.3346,296,12.0792
276,"276 SNP",683227,3997844,1.74,7.86,1.32,0.96,0.04104,0.07088,0.06626,0.33369,0.17373,0.09662,0.11506,0,0.32645,0.3341,0.22222,-0.11111,0.04974,-0.00593,1.31762,4.02854,2.77386,1272,379,732,641,1200,2935,3446,3619,3683,1977,1162,0.19634,0.49351,-0.04761,0.45075,0.22857,0.04174,23.5022,8.14931,36.9217,210925,80.1664,295,12.1958
12,"12 SNP",681896,3995173,2.14,10.26,0.4,1.52,0.12623,0.1913,0.2529,0.35226,0.33697,0.27383,0.06241,2,0.1702,0.09871,0,0.22222,0.16227,0.05245,3.33333,5.4046,3.59502,1242,1373,1990,2682,3000,3296,3428,3914,3577,3623,2963,0.09959,0.28523,-0.09375,0.14326,0.32297,0.11444,27.6495,7.79686,36.6545,210254,80.4301,293,12.2917
194,"194 SNP",678822,4000788,2.88,5.26,11.56,1.26,0.07374,0.11419,0.12959,0.29701,0.22823,0.16655,0.07764,129,0.22526,0.20243,0,0.22222,0.09257,0.01679,3.33333,8.4456,8.09186,1283,933,1391,1669,2116,2790,3016,3222,3116,2646,2136,0.17091,0.48631,-0.05111,0.42023,0.30348,0.06468,14.7394,8.02966,49.2348,210594,80.1994,298,11.9625
272,"272 SNP",682125,3996847,2.34,6.18,1.66,0.8,0.09769,0.15283,0.19834,0.32605,0.28447,0.22958,0.06005,0,0.19565,0.13689,0.16667,-0.05556,0.14452,0.04339,1.17851,4.39638,2.40602,1256,1129,1658,2277,2638,2939,3140,3266,3330,3154,2574,0.09747,0.32768,-0.08691,0.18162,0.3358,0.12163,26.9059,8.11381,33.0482,210425,80.4291,294,12.2208
175,"175 SNP",677064,4003046,1.82,4.16,1.06,0.96,0.05982,0.09574,0.10575,0.32091,0.20359,0.13693,0.09001,5,0.2756,0.26027,0,0.11111,0.08095,0.01152,1.66667,5.48372,4.90219,1268,445,804,737,1362,3046,3532,3708,3712,2161,1343,0.1569,0.48516,-0.04932,0.43521,0.25355,0.04809,20.7424,8.15568,42.1314,210843,79.8824,297,12.0417
96,"96 SNP",671037,4003400,2.32,16.44,0.86,1.46,0.1088,0.16762,0.23436,0.32124,0.31615,0.26813,0.04792,1,0.17207,0.0905,0,0.11111,0.16836,0.05985,1.66667,5.19893,2.98976,1215,1350,1944,2772,3092,3281,3391,3446,3497,3528,3003,0.07306,0.27688,-0.10034,0.10928,0.34314,0.13438,24.0974,7.71059,39.0964,210708,79.8017,295,12.1625
263,"263 SNP",680806,3996908,1.38,4.2,0.98,0.8,0.12893,0.19435,0.25224,0.34395,0.34755,0.29629,0.04931,6,0.15911,0.09177,-0.27778,0.16667,0.1579,0.04925,3.53553,5.62877,5.06544,1249,1430,2041,2653,3069,3390,3519,3902,3653,3784,3210,0.08268,0.28279,-0.09098,0.15837,0.29945,0.09989,26.4617,8.0861,34.8675,210329,80.4301,293,12.1833
79,"79 SNP",685866,3995414,4.22,4.44,0.42,0.9,0.10016,0.15475,0.19977,0.31626,0.30457,0.23335,0.07588,32,0.18474,0.12686,0,0,0.14185,0.0425,0,7.9479,5.84751,1274,1235,1776,2352,2708,2980,3168,3266,3380,3403,2583,0.13459,0.30988,-0.08675,0.18069,0.30942,0.10533,24.3532,7.76316,41.4869,210838,79.7495,295,12.3083
8,"8 SNP",682418,3994808,2.08,8.38,0.46,1.68,0.13138,0.19771,0.26412,0.32148,0.34709,0.32093,0.02449,1,0.13447,0.05815,0,0.11111,0.16652,0.05556,1.66667,4.28086,3.90782,1247,1537,2171,2911,3234,3276,3376,3625,3473,3782,3511,0.03789,0.23158,-0.10466,0.08873,0.30947,0.11205,24.7377,7.74674,38.8545,210340,80.4301,293,12.3583
231,"231 SNP",680449,3999815,3,17.54,13.9,0.72,0.1184,0.17593,0.22026,0.31301,0.309,0.24864,0.06271,0,0.15367,0.09907,-0.02222,-0.13333,0.13746,0.03964,3.95285,3.72518,3.07722,1298,1350,1794,2324,2599,2753,2890,3367,3109,3305,2726,0.12242,0.35457,-0.07381,0.25959,0.25394,0.07877,16.0106,7.99345,50.1713,211212,80.6851,297,11.9667
172,"172 SNP",674974,4002613,2.32,4.1,3.08,1.06,0.10729,0.16614,0.22158,0.33507,0.34384,0.25719,0.08574,6,0.18567,0.11754,0,0.11111,0.15576,0.05023,1.66667,6.36701,4.32721,1238,1400,1991,2712,2980,3241,3387,3508,3617,3803,3021,0.1065,0.30168,-0.09163,0.15432,0.32098,0.12001,26.6371,8.002,37.7552,210799,79.5231,296,12.0833
103,"103 SNP",671633,4003587,1.24,3.04,0.42,0.8,0.11064,0.17172,0.23989,0.32896,0.33009,0.27176,0.05854,0,0.17433,0.09178,0,0.11111,0.17187,0.06067,1.17851,4.88502,1.91738,1221,1317,1905,2692,2984,3165,3231,3032,3390,3524,2903,0.12028,0.29167,-0.09521,0.13492,0.33858,0.12686,24.158,7.7027,39.7211,210781,79.8184,294,12.1083
149,"149 SNP",675092,4003402,1.32,4.48,2.18,1.08,0.0494,0.08446,0.08982,0.33702,0.19969,0.12054,0.10993,0,0.30714,0.29865,0.28205,-0.2735,0.07499,0.00653,5.43267,4.07205,2.73034,1247,376,714,665,1265,2880,3368,3438,3631,2232,1316,0.16474,0.46904,-0.05811,0.3677,0.31026,0.09408,26.2979,7.97087,39.3998,210839,79.5231,296,12.0625
153,"153 SNP",674189,4002975,2.82,4.4,0.7,1.3,0.09843,0.14953,0.2015,0.30647,0.30031,0.23797,0.06646,1,0.18309,0.11556,0,0,0.14692,0.0494,1.76777,5.88033,2.30836,1235,1179,1702,2328,2668,2946,3114,3112,3258,3335,2708,0.12225,0.33137,-0.0861,0.18462,0.32925,0.12108,25.0569,7.9738,38.4027,210630,79.5231,296,12.1208
92,"92 SNP",670294,4002992,1.92,3.04,0.5,1.42,0.10712,0.16402,0.22702,0.30443,0.3129,0.27102,0.04375,0,0.16211,0.08362,0,0,0.16313,0.05734,1.17851,4.28716,2.51524,1205,1137,1682,2360,2709,2890,3026,3114,3156,3236,2776,0.05655,0.29686,-0.09465,0.13893,0.34473,0.12834,23.5914,7.69951,42.5075,210290,79.8184,294,12.2083
120,"120 SNP",672935,4004171,1.76,7.48,0.36,1.26,0.08575,0.13349,0.18805,0.29902,0.29313,0.22235,0.07757,324,0.1974,0.12419,0,0.22222,0.15109,0.05389,3.33333,9.01005,9.36,1236,979,1474,2051,2450,2887,3124,3236,3342,3177,2409,0.15514,0.42908,-0.07113,0.28611,0.3659,0.12596,24.71,7.77013,35.9002,211042,79.7138,296,11.9875
135,"135 SNP",673664,4003012,1.66,2.92,1.22,1.18,0.11779,0.17703,0.24578,0.34049,0.35061,0.28931,0.05849,0,0.17751,0.09549,0.08889,0.2,0.16755,0.0602,3.53553,3.85737,2.94502,1232,1512,2134,2958,3321,3576,3723,3826,3955,3929,3109,0.08649,0.30851,-0.09375,0.14283,0.34093,0.13465,24.8535,7.95267,39.0048,210764,79.5231,296,12.1375
82,"82 SNP",671615,4005037,2.5,10.26,1.16,1.3,0.06172,0.10165,0.11141,0.38845,0.25012,0.1638,0.10761,0,0.31945,0.30525,0,-0.11111,0.08594,0.01075,1.66667,4.45608,2.34631,1236,385,767,562,1312,4128,4931,4159,5001,2473,1382,0.19613,0.53986,-0.04297,0.49403,0.24566,0.04522,22.9471,7.69196,40.648,210948,79.6934,297,11.9125
11,"11 SNP",682594,3995543,1.66,4.14,0.34,1.32,0.12665,0.18902,0.25881,0.34046,0.34643,0.27938,0.06317,0,0.16057,0.08005,0,-0.11111,0.16673,0.05894,1.66667,4.00412,2.79828,1251,1321,1929,2734,3064,3225,3362,3560,3576,3681,2907,0.1135,0.2948,-0.09644,0.12986,0.34678,0.13379,31.4904,7.92615,31.6472,210634,80.4301,293,12.2917
181,"181 SNP",676363,4002178,2.84,4.36,8.56,1,0.11702,0.17524,0.22479,0.30465,0.31634,0.27462,0.04203,1,0.14684,0.0857,0,-0.22222,0.14524,0.04435,3.33333,5.4027,2.78599,1253,1520,2091,2662,2968,3129,3220,3278,3284,3404,3085,0.09054,0.27374,-0.09497,0.13682,0.30571,0.10938,18.5725,8.02007,41.916,210848,79.9409,294,12.0708
225,"225 SNP",679717,3999805,2.38,5.16,10.1,1.68,0.13223,0.18932,0.23852,0.29198,0.31744,0.2807,0.03681,0,0.1165,0.05747,0.19608,-0.35948,0.1379,0.04241,4.60223,4.43902,2.36337,1282,1545,2023,2593,2837,2916,3006,2936,3109,3432,3017,0.05797,0.18056,-0.10905,0.06874,0.24411,0.08464,12.7518,7.98977,54.9922,211153,80.7877,295,11.9708
34,"34 SNP",682900,3998463,1.7,9.9,0.3,0.84,0.10905,0.16476,0.22474,0.32676,0.31697,0.25078,0.06704,0,0.17899,0.10499,0.06667,0.17778,0.15742,0.05455,3.5843,3.48414,3.31826,1279,1267,1829,2627,3021,3214,3443,3717,3721,3440,2602,0.15333,0.3831,-0.07284,0.26411,0.30614,0.10196,20.7139,7.65545,46.7658,210817,80.1664,295,12.1958
203,"203 SNP",676699,4000645,3,4.64,5.62,0.76,0.07965,0.12629,0.15013,0.3613,0.26698,0.1919,0.08773,0,0.26477,0.23172,0.31111,-0.24444,0.11176,0.02492,3.33333,3.35472,3.44768,1246,887,1368,1604,2148,3366,3779,3772,3968,2901,2107,0.13309,0.41769,-0.06299,0.33158,0.2863,0.07651,23.3643,8.06188,33.6399,210868,79.9409,294,12.075
249,"249 SNP",683270,3998626,2.4,7.28,2.7,0.86,0.07376,0.11787,0.13616,0.27729,0.21641,0.16308,0.06842,0,0.20041,0.17343,0,0,0.1022,0.01971,0,3.16859,3.63381,1285,1192,1407,1623,1814,1962,2021,2997,2048,2196,1912,0.16344,0.4764,-0.04972,0.43143,0.26712,0.04332,25.7198,7.87506,39.483,210945,80.2377,294,12.2208
275,"275 SNP",682940,3997593,1.6,7.34,0.62,1.4,0.08421,0.13393,0.17243,0.31673,0.26294,0.19925,0.07345,0,0.21309,0.1605,0,0,0.13444,0.03888,0,4.89923,1.90316,1268,901,1335,1728,2228,3110,3444,3794,3666,2649,1953,0.15264,0.46343,-0.05965,0.35773,0.3149,0.09839,26.9615,8.20542,33.005,210925,80.4291,294,12.2333
215,"215 SNP",678527,3999764,2.74,4.18,10.46,1.08,0.06824,0.11853,0.13292,0.3445,0.23527,0.16715,0.08502,2,0.26157,0.241,0.02778,0.02778,0.1074,0.0155,2.42956,4.44701,4.55261,1265,782,1217,1323,1870,3102,3524,4194,3762,2541,1767,0.15798,0.46856,-0.04899,0.43801,0.17343,0.02742,14.3566,8.04181,54.3599,210855,79.9409,294,12.0542
179,"179 SNP",675779,4001370,1.9,2.82,1.18,1.08,0.11727,0.17139,0.21927,0.29698,0.30289,0.25889,0.04573,13,0.14433,0.08469,-0.11111,0.11111,0.13826,0.04311,2.35702,6.57259,5.50792,1240,1491,2020,2592,2924,3055,3174,3379,3293,3444,2970,0.08531,0.26339,-0.09546,0.13424,0.29372,0.10233,22.5092,8.02555,39.4147,210776,79.9409,294,12.0708
68,"68 SNP",684186,3994638,1.9,7.56,0.46,1.4,0.10698,0.16784,0.22501,0.38179,0.32731,0.24602,0.08584,6,0.22519,0.15897,-0.13889,0.08333,0.15507,0.04929,1.76777,6.9389,3.75532,1255,1224,1838,2570,2995,3563,3957,4234,4222,3720,2762,0.15236,0.39237,-0.07788,0.24513,0.3551,0.12872,28.8792,7.74207,36.9545,211006,80.5313,291,12.3333
4,"4 SNP",683685,3995893,3.5,21.06,0.68,1.94,0.05847,0.09615,0.10594,0.33917,0.20972,0.13913,0.09453,1,0.29028,0.27542,0,0.11111,0.08387,0.01125,1.31762,5.4564,2.73229,1255,510,931,917,1572,3193,3649,3710,3824,2322,1509,0.2135,0.60675,-0.03035,0.61107,0.28411,-0.00673,30.5631,7.88371,33.724,210863,80.1408,291,12.3
132,"132 SNP",672878,4003198,1.6,4.58,1.16,1.22,0.05504,0.08908,0.09868,0.32599,0.22188,0.13897,0.10899,0,0.29051,0.27551,0,-0.11111,0.07876,0.01137,1.66667,3.58044,3.22195,1227,882,1296,1694,2077,2792,3023,3078,3306,2917,2078,0.19537,0.53589,-0.04248,0.49368,0.3143,0.04433,24.9148,7.90851,39.645,210787,79.8017,295,12.0875
108,"108 SNP",671389,4003896,1.94,9.92,0.74,1.34,0.07112,0.11185,0.13627,0.32712,0.24369,0.17098,0.08918,3,0.25654,0.22108,0,-0.11111,0.10704,0.02652,1.66667,6.29593,3.27905,1222,511,924,993,1809,3061,3480,3603,3729,2608,1691,0.11847,0.30715,-0.09001,0.16297,0.32853,0.1176,23.449,7.72022,40.166,210781,79.8017,295,12.0125
147,"147 SNP",675637,4003645,1.38,3.62,7.44,0.98,0.04456,0.07704,0.07437,0.33875,0.18321,0.10558,0.11285,5,0.32059,0.32498,0,0,0.05726,-0.00342,0,6.20803,4.17788,1249,325,672,518,1072,3096,3658,3824,3892,2014,1105,0.2831,0.70172,-0.01774,0.75221,0.21024,-0.08657,24.0164,7.95704,39.0996,210839,79.5231,296,12.0625
71,"71 SNP",684521,3996306,2.26,11.4,0.5,1.42,0.08281,0.12654,0.16025,0.32385,0.25799,0.19531,0.0736,2,0.23193,0.185,0,0.11111,0.12032,0.03472,1.66667,2.62667,6.37295,1260,587,1024,1142,1859,3173,3597,3434,3786,2589,1789,0.18364,0.57265,-0.03857,0.537,0.31699,0.03466,30.7924,7.79469,38.8297,210902,80.5,293,12.3125
119,"119 SNP",672973,4003692,1.34,2.86,0.48,1.14,0.08949,0.13814,0.1833,0.29393,0.25865,0.21063,0.05554,1,0.1871,0.12619,0,0.33333,0.13924,0.04454,4.24918,5.08698,3.10171,1233,945,1430,1775,2256,2991,3289,3217,3383,2717,2203,0.1227,0.39209,-0.07064,0.2954,0.30084,0.08009,25.2727,7.83859,37.6131,210855,79.8017,295,12.0875
75,"75 SNP",684615,3995435,3.26,9.28,0.38,1.34,0.11507,0.17425,0.23546,0.33892,0.34054,0.25705,0.08118,138,0.17691,0.10438,0,0,0.15785,0.05343,1.17851,10.0584,6.61297,1259,1358,1983,2738,3189,3430,3610,3692,3915,3868,2877,0.14398,0.32473,-0.08773,0.18066,0.33287,0.11927,30.3258,7.67114,29.8304,210968,80.1464,292,12.3167
258,"258 SNP",681885,3998044,2.44,9.58,1.24,0.9,0.03653,0.06329,0.05449,0.35938,0.16869,0.08595,0.12642,1,0.35966,0.37433,0,0.11111,0.03657,-0.0117,1.66667,5.19893,2.98976,1269,310,647,504,1119,3058,3712,3591,3975,2021,1101,0.31241,0.72652,-0.01449,0.79443,0.21218,-0.13097,13.632,7.91597,47.6497,210736,80.1664,295,12.1708
